0.0032 0.00 0.00 0.00 -0.00 -0.00 -0.00
0.0162 -3.07 0.11 0.05 -12.48 0.18 -0.07
0.0239 -3.26 0.07 -0.06 -12.48 0.21 -0.29
0.0308 -3.69 0.04 -0.16 -12.57 0.20 -0.55
0.0376 -3.68 0.02 -0.25 -12.59 0.20 -0.79
0.0445 -3.19 -0.00 -0.33 -12.66 0.19 -1.04
0.0514 -3.60 -0.02 -0.42 -12.77 0.18 -1.28
0.0583 -3.51 -0.05 -0.50 -12.43 0.17 -1.51
0.0651 -3.36 -0.07 -0.58 -12.60 0.17 -1.74
0.0720 -3.19 -0.10 -0.66 -12.64 0.16 -1.96
0.0789 -3.56 -0.12 -0.74 -12.71 0.15 -2.18
0.0858 -3.64 -0.14 -0.82 -12.58 0.15 -2.40
0.0927 -3.64 -0.17 -0.90 -12.55 0.14 -2.61
0.0996 -3.47 -0.19 -0.98 -12.82 0.13 -2.82
0.1064 -3.97 -0.21 -1.06 -12.55 0.13 -3.02
0.1133 -3.46 -0.23 -1.13 -12.86 0.12 -3.23
0.1202 -3.56 -0.26 -1.20 -12.72 0.11 -3.42
0.1271 -3.55 -0.28 -1.27 -12.92 0.10 -3.62
0.1340 -3.40 -0.30 -1.33 -13.02 0.09 -3.82
0.1408 -3.24 -0.33 -1.40 -12.89 0.09 -4.00
0.1477 -3.44 -0.35 -1.46 -12.75 0.08 -4.18
0.1546 -3.51 -0.38 -1.52 -12.37 0.08 -4.35
0.1615 -3.35 -0.40 -1.58 -12.65 0.07 -4.52
0.1684 -3.50 -0.42 -1.65 -12.88 0.06 -4.70
0.1753 -3.51 -0.45 -1.71 -12.54 0.06 -4.86
0.1821 -3.77 -0.47 -1.77 -12.43 0.05 -5.02
0.1890 -2.87 -0.49 -1.82 -12.42 0.05 -5.17
0.1959 -3.74 -0.52 -1.88 -12.41 0.04 -5.32
0.2028 -3.27 -0.54 -1.93 -12.55 0.03 -5.48
0.2097 -3.23 -0.56 -1.98 -12.86 0.02 -5.63
0.2165 -3.70 -0.58 -2.03 -12.52 0.02 -5.78
0.2234 -3.56 -0.61 -2.09 -12.79 0.01 -5.92
0.2303 -3.51 -0.63 -2.14 -12.47 0.00 -6.06
0.2372 -3.37 -0.66 -2.19 -12.57 -0.00 -6.20
0.2441 -3.51 -0.68 -2.24 -12.70 -0.01 -6.33
0.2510 -3.39 -0.70 -2.28 -12.53 -0.02 -6.46
0.2578 -3.50 -0.73 -2.33 -12.61 -0.02 -6.59
0.2647 -3.53 -0.75 -2.38 -12.72 -0.03 -6.72
0.2716 -3.53 -0.77 -2.42 -12.47 -0.03 -6.84
0.2785 -3.50 -0.79 -2.46 -12.65 -0.04 -6.97
0.2854 -3.74 -0.82 -2.51 -12.77 -0.05 -7.09
0.2922 -3.50 -0.84 -2.55 -12.82 -0.06 -7.21
0.2991 -3.67 -0.86 -2.60 -12.67 -0.06 -7.33
0.3060 -3.44 -0.89 -2.64 -12.62 -0.07 -7.44
0.3129 -3.48 -0.91 -2.68 -12.46 -0.08 -7.55
0.3198 -3.38 -0.93 -2.72 -12.72 -0.09 -7.66
0.3267 -3.41 -0.96 -2.75 -12.53 -0.09 -7.76
0.3335 -3.68 -0.98 -2.79 -12.69 -0.10 -7.87
0.3404 -3.25 -1.00 -2.82 -12.34 -0.11 -7.96
0.3473 -3.45 -1.03 -2.86 -12.38 -0.11 -8.06
0.3542 -3.55 -1.05 -2.90 -12.47 -0.12 -8.15
0.3611 -3.37 -1.07 -2.93 -12.65 -0.13 -8.25
0.3679 -3.54 -1.10 -2.97 -12.47 -0.13 -8.34
0.3748 -3.72 -1.12 -3.01 -12.75 -0.14 -8.44
0.3817 -3.48 -1.15 -3.04 -12.70 -0.15 -8.53
0.3886 -3.27 -1.17 -3.07 -12.35 -0.15 -8.61
0.3955 -3.29 -1.20 -3.10 -12.64 -0.16 -8.70
0.4023 -3.32 -1.23 -3.13 -12.79 -0.17 -8.79
0.4092 -3.39 -1.25 -3.16 -12.63 -0.18 -8.87
0.4161 -3.76 -1.28 -3.20 -12.79 -0.18 -8.96
0.4230 -3.16 -1.30 -3.22 -12.58 -0.19 -9.04
0.4299 -3.12 -1.33 -3.25 -12.36 -0.20 -9.11
0.4367 -3.36 -1.35 -3.27 -12.97 -0.21 -9.20
0.4436 -3.56 -1.38 -3.30 -12.44 -0.22 -9.27
0.4505 -3.62 -1.40 -3.33 -12.43 -0.23 -9.34
0.4574 -3.63 -1.43 -3.36 -12.46 -0.23 -9.41
0.4643 -3.73 -1.45 -3.39 -12.87 -0.24 -9.49
0.4711 -3.67 -1.48 -3.43 -12.91 -0.25 -9.57
0.4780 -3.81 -1.50 -3.46 -12.68 -0.26 -9.64
0.4850 -3.84 -1.53 -3.49 -12.58 -0.26 -9.70
0.4919 -3.70 -1.56 -3.52 -12.68 -0.27 -9.77
0.4988 -3.72 -1.58 -3.55 -12.60 -0.28 -9.83
0.5057 -3.59 -1.60 -3.57 -12.88 -0.29 -9.90
0.5125 -3.47 -1.63 -3.59 -12.53 -0.29 -9.96
0.5194 -3.65 -1.65 -3.62 -12.61 -0.30 -10.02
0.5263 -3.55 -1.67 -3.64 -12.63 -0.31 -10.08
0.5332 -3.63 -1.70 -3.66 -12.46 -0.31 -10.13
0.5401 -3.60 -1.72 -3.68 -12.95 -0.32 -10.20
0.5469 -3.62 -1.74 -3.70 -12.50 -0.33 -10.25
0.5538 -3.80 -1.77 -3.73 -12.36 -0.34 -10.30
0.5607 -3.37 -1.79 -3.74 -12.45 -0.34 -10.35
0.5676 -3.45 -1.81 -3.76 -12.53 -0.35 -10.40
0.5745 -3.21 -1.83 -3.77 -12.79 -0.36 -10.45
0.5814 -3.83 -1.85 -3.79 -12.70 -0.36 -10.50
0.5882 -3.59 -1.88 -3.81 -12.65 -0.37 -10.55
0.5951 -3.83 -1.90 -3.83 -12.65 -0.37 -10.60
0.6020 -3.62 -1.92 -3.85 -12.88 -0.38 -10.65
0.6089 -3.68 -1.94 -3.87 -12.79 -0.39 -10.70
0.6158 -3.55 -1.97 -3.88 -12.53 -0.39 -10.75
0.6226 -3.55 -1.99 -3.90 -12.71 -0.40 -10.79
0.6295 -3.47 -2.01 -3.91 -12.60 -0.41 -10.83
0.6364 -3.44 -2.04 -3.93 -12.39 -0.41 -10.87
0.6433 -3.27 -2.06 -3.94 -12.68 -0.42 -10.91
0.6502 -3.41 -2.08 -3.95 -12.70 -0.43 -10.95
0.6571 -3.46 -2.11 -3.96 -12.64 -0.43 -10.99
0.6640 -3.35 -2.13 -3.98 -12.70 -0.44 -11.04
0.6709 -3.29 -2.16 -3.98 -12.60 -0.45 -11.08
0.6778 -3.32 -2.18 -3.99 -12.94 -0.45 -11.12
0.6847 -3.47 -2.20 -4.01 -12.69 -0.46 -11.16
0.6915 -3.52 -2.22 -4.02 -12.43 -0.47 -11.19
0.6984 -3.53 -2.25 -4.03 -12.44 -0.48 -11.22
0.7053 -3.50 -2.27 -4.05 -12.54 -0.48 -11.26
0.7122 -3.44 -2.30 -4.06 -12.57 -0.49 -11.29
0.7191 -3.21 -2.32 -4.06 -12.59 -0.50 -11.32
0.7259 -3.40 -2.34 -4.07 -12.39 -0.51 -11.35
0.7335 -3.31 -2.37 -4.08 -12.51 -0.51 -11.38
0.7415 -3.75 -2.39 -4.10 -12.68 -0.52 -11.42
0.7496 -3.63 -2.41 -4.11 -12.75 -0.53 -11.45
0.7576 -3.51 -2.44 -4.12 -12.81 -0.54 -11.48
0.7656 -3.71 -2.46 -4.14 -12.61 -0.54 -11.51
0.7736 -3.57 -2.49 -4.15 -12.71 -0.55 -11.54
0.7817 -3.89 -2.51 -4.17 -12.40 -0.55 -11.57
0.7897 -3.31 -2.53 -4.18 -12.54 -0.56 -11.59
0.7977 -3.89 -2.56 -4.19 -12.51 -0.57 -11.62
0.8058 -3.26 -2.58 -4.20 -12.73 -0.57 -11.65
0.8138 -3.67 -2.61 -4.21 -12.50 -0.58 -11.67
0.8218 -3.56 -2.63 -4.22 -12.60 -0.59 -11.69
0.8298 -3.77 -2.65 -4.23 -12.45 -0.60 -11.72
0.8379 -3.67 -2.67 -4.24 -12.48 -0.60 -11.74
0.8459 -3.42 -2.70 -4.25 -12.58 -0.61 -11.76
0.8539 -3.21 -2.72 -4.25 -12.75 -0.62 -11.79
0.8620 -3.60 -2.74 -4.26 -12.65 -0.62 -11.81
0.8700 -3.06 -2.77 -4.26 -12.94 -0.63 -11.84
0.8780 -3.77 -2.79 -4.27 -12.71 -0.64 -11.87
0.8861 -3.33 -2.81 -4.28 -12.78 -0.64 -11.89
0.8941 -3.68 -2.84 -4.29 -12.67 -0.65 -11.92
0.9021 -3.57 -2.86 -4.30 -13.02 -0.66 -11.94
0.9101 -3.46 -2.88 -4.30 -13.20 -0.67 -11.98
0.9182 -3.81 -2.91 -4.32 -12.74 -0.67 -12.00
0.9262 -3.61 -2.93 -4.33 -12.60 -0.68 -12.01
0.9342 -3.64 -2.95 -4.33 -12.57 -0.68 -12.03
0.9423 -3.51 -2.98 -4.34 -12.92 -0.69 -12.05
0.9503 -3.19 -3.00 -4.34 -12.50 -0.70 -12.07
0.9583 -3.58 -3.02 -4.35 -12.58 -0.70 -12.09
0.9664 -3.16 -3.05 -4.35 -12.59 -0.71 -12.11
0.9744 -3.52 -3.07 -4.35 -12.18 -0.72 -12.11
0.9824 -3.67 -3.09 -4.36 -12.62 -0.73 -12.13
0.9904 -3.65 -3.12 -4.37 -12.69 -0.73 -12.15
0.9985 -3.58 -3.14 -4.38 -12.44 -0.74 -12.16
1.0065 -3.23 -3.17 -4.38 -12.45 -0.74 -12.17
1.0145 -3.64 -3.19 -4.39 -12.94 -0.75 -12.20
1.0225 -3.46 -3.21 -4.39 -12.69 -0.76 -12.21
1.0306 -3.55 -3.24 -4.40 -12.57 -0.77 -12.23
1.0386 -3.59 -3.26 -4.40 -11.87 -0.77 -12.23
1.0466 -3.95 -3.28 -4.42 -12.55 -0.78 -12.24
1.0547 -3.39 -3.31 -4.42 -12.61 -0.78 -12.25
1.0627 -3.46 -3.33 -4.43 -12.59 -0.79 -12.26
1.0707 -3.65 -3.36 -4.43 -12.58 -0.80 -12.28
1.0788 -3.44 -3.38 -4.44 -12.73 -0.81 -12.29
1.0868 -3.33 -3.40 -4.44 -12.56 -0.81 -12.30
1.0948 -3.36 -3.43 -4.44 -12.77 -0.82 -12.32
1.1028 -3.59 -3.45 -4.45 -12.38 -0.82 -12.33
1.1109 -3.53 -3.47 -4.45 -12.77 -0.83 -12.34
1.1189 -3.48 -3.49 -4.45 -12.82 -0.84 -12.36
1.1269 -3.57 -3.52 -4.46 -12.85 -0.85 -12.38
1.1349 -3.42 -3.54 -4.46 -12.65 -0.85 -12.39
1.1430 -3.40 -3.57 -4.46 -12.35 -0.86 -12.40
1.1510 -3.60 -3.59 -4.47 -12.68 -0.87 -12.41
1.1590 -3.65 -3.61 -4.48 -12.83 -0.88 -12.42
1.1671 -3.57 -3.64 -4.48 -12.54 -0.88 -12.43
1.1751 -3.83 -3.66 -4.49 -12.82 -0.89 -12.45
1.1831 -3.49 -3.68 -4.49 -12.88 -0.90 -12.46
1.1911 -0.11 -3.71 -4.43 -17.53 -0.89 -12.56
1.1992 2.00 -3.62 -4.21 -33.33 -0.89 -12.98
1.2072 5.40 -3.46 -3.86 -30.65 -0.94 -13.37
1.2152 3.37 -3.25 -3.51 -26.79 -0.93 -13.63
1.2232 3.06 -2.95 -3.09 -23.74 -1.11 -14.01
1.2313 -22.46 -2.63 -3.16 3.32 -1.26 -13.82
1.2393 -14.31 -2.37 -3.14 -5.70 -1.31 -13.70
1.2474 8.09 -2.21 -2.75 -9.27 -1.29 -13.59
1.2554 -1.73 -1.95 -2.47 -18.02 -1.46 -13.85
1.2635 -5.02 -1.76 -2.34 -8.66 -1.53 -13.81
1.2715 -4.65 -1.57 -2.20 -4.86 -1.56 -13.67
1.2795 -5.29 -1.37 -2.07 -7.40 -1.63 -13.61
1.2875 -6.15 -1.20 -1.99 3.84 -1.72 -13.35
1.2956 1.66 -1.04 -1.75 -26.08 -1.72 -13.60
1.3036 -1.15 -0.96 -1.66 -12.17 -1.91 -13.76
1.3116 -10.82 -0.92 -1.80 4.48 -1.96 -13.44
1.3196 -6.56 -0.91 -1.89 -3.78 -1.94 -13.23
1.3277 -1.64 -0.94 -1.92 -6.00 -1.93 -13.07
1.3357 -2.17 -1.01 -1.99 -13.18 -1.95 -13.09
1.3437 -3.18 -1.09 -2.09 -11.74 -1.95 -13.07
1.3517 1.00 -1.16 -2.10 -10.35 -1.94 -13.00
1.3598 -4.43 -1.26 -2.24 -7.84 -1.94 -12.90
1.3678 -6.08 -1.37 -2.43 -6.75 -1.94 -12.78
1.3758 -0.91 -1.54 -2.56 -4.93 -1.90 -12.58
1.3840 2.63 -1.74 -2.65 -2.04 -1.84 -12.31
1.3920 -7.30 -1.92 -2.92 -9.22 -1.82 -12.24
1.4000 -14.60 -2.08 -3.32 -11.54 -1.86 -12.26
1.4081 -6.18 -2.25 -3.54 -0.50 -1.79 -11.96
1.4161 3.01 -2.50 -3.65 -21.28 -1.70 -12.05
1.4241 -1.86 -2.72 -3.84 -16.17 -1.72 -12.15
1.4322 -9.49 -2.91 -4.13 -7.96 -1.70 -12.05
1.4402 -7.64 -3.09 -4.38 -11.88 -1.65 -12.00
1.4482 -1.08 -3.24 -4.45 -22.19 -1.59 -12.14
1.4563 2.57 -3.33 -4.41 -30.60 -1.60 -12.53
1.4643 -5.85 -3.34 -4.45 -23.57 -1.63 -12.78
1.4723 -5.92 -3.35 -4.48 -14.39 -1.67 -12.85
1.4804 -3.94 -3.34 -4.46 -11.08 -1.67 -12.81
1.4884 -0.21 -3.27 -4.31 -22.67 -1.68 -13.02
1.4964 -1.83 -3.12 -4.12 -28.59 -1.76 -13.40
1.5044 6.94 -2.96 -3.74 -22.45 -1.83 -13.66
1.5125 6.34 -2.73 -3.31 -16.80 -1.84 -13.73
1.5205 10.00 -2.45 -2.77 -27.32 -1.85 -14.01
1.5285 3.30 -2.14 -2.34 -31.94 -2.02 -14.54
1.5365 -1.33 -1.85 -2.04 -18.76 -2.13 -14.73
1.5446 -11.89 -1.55 -1.94 -12.35 -2.27 -14.81
1.5526 -1.29 -1.27 -1.65 -14.36 -2.35 -14.88
1.5607 -6.20 -1.04 -1.52 -12.95 -2.57 -15.07
1.5687 -6.39 -0.83 -1.41 -1.12 -2.69 -14.90
1.5767 -7.52 -0.67 -1.38 -10.75 -2.84 -14.97
1.5847 -10.83 -0.58 -1.47 0.09 -3.03 -14.85
1.5928 -12.94 -0.53 -1.66 -3.58 -3.12 -14.71
1.6008 -10.33 -0.55 -1.86 -5.99 -3.20 -14.61
1.6088 -3.24 -0.62 -1.95 2.80 -3.18 -14.25
1.6168 -3.79 -0.71 -2.07 -8.82 -3.20 -14.16
1.6249 8.37 -0.85 -2.00 1.62 -3.33 -13.97
1.6329 2.43 -0.98 -2.04 -5.27 -3.31 -13.78
1.6409 1.14 -1.14 -2.13 -6.60 -3.30 -13.63
1.6490 -2.72 -1.31 -2.31 -7.93 -3.26 -13.47
1.6570 0.82 -1.54 -2.47 -8.76 -3.17 -13.29
1.6650 -0.50 -1.75 -2.64 -8.37 -3.13 -13.15
1.6731 -8.62 -1.95 -2.96 -7.86 -3.06 -12.97
1.6811 -3.56 -2.21 -3.22 -5.45 -2.96 -12.73
1.6891 -2.66 -2.45 -3.45 -7.89 -2.86 -12.53
1.6971 -3.01 -2.71 -3.69 -17.48 -2.77 -12.55
1.7052 -8.69 -2.92 -4.00 -12.17 -2.68 -12.45
1.7132 -4.87 -3.11 -4.20 -14.98 -2.59 -12.42
1.7212 -6.67 -3.27 -4.40 -21.07 -2.56 -12.56
1.7293 -6.46 -3.37 -4.55 -22.23 -2.51 -12.70
1.7373 -1.66 -3.42 -4.54 -21.49 -2.49 -12.85
1.7453 -5.12 -3.40 -4.53 -13.52 -2.48 -12.86
1.7533 -5.81 -3.38 -4.54 -17.08 -2.49 -12.96
1.7614 -6.59 -3.37 -4.56 -25.00 -2.52 -13.23
1.7694 -2.66 -3.32 -4.48 -19.43 -2.56 -13.38
1.7775 -6.95 -3.20 -4.42 -15.25 -2.57 -13.44
1.7855 -3.38 -3.03 -4.22 -18.30 -2.65 -13.61
1.7935 -7.92 -2.78 -4.05 -16.07 -2.80 -13.81
1.8015 -2.16 -2.51 -3.75 -19.70 -2.90 -14.02
1.8095 -13.84 -2.21 -3.66 -21.55 -3.09 -14.36
1.8176 -2.50 -1.93 -3.37 -14.67 -3.24 -14.51
1.8256 -6.50 -1.65 -3.15 -19.06 -3.36 -14.72
1.8336 -4.90 -1.38 -2.92 -14.43 -3.49 -14.84
1.8416 -7.51 -1.13 -2.77 -16.00 -3.60 -14.98
1.8497 -6.21 -0.95 -2.66 -14.30 -3.76 -15.12
1.8577 -7.20 -0.79 -2.60 -17.88 -3.85 -15.26
1.8657 -14.60 -0.70 -2.74 -13.91 -3.99 -15.37
1.8738 -9.89 -0.65 -2.84 -16.62 -3.96 -15.37
1.8818 1.84 -0.68 -2.78 -0.35 -4.06 -15.17
1.8898 4.45 -0.74 -2.69 -8.04 -4.02 -14.98
1.8978 6.39 -0.84 -2.61 -13.11 -4.07 -14.99
1.9059 11.27 -0.96 -2.45 -2.36 -3.96 -14.63
1.9139 6.22 -1.08 -2.39 -10.38 -3.97 -14.55
1.9220 -0.19 -1.22 -2.48 0.25 -4.02 -14.31
1.9300 -6.38 -1.40 -2.73 0.37 -3.97 -13.97
1.9380 0.47 -1.65 -2.92 -5.40 -3.97 -13.79
1.9460 -2.97 -1.93 -3.19 -2.34 -3.90 -13.50
1.9541 -4.67 -2.24 -3.52 -4.15 -3.80 -13.21
1.9621 -4.53 -2.57 -3.87 -3.30 -3.64 -12.86
1.9701 0.31 -2.90 -4.11 -7.17 -3.51 -12.62
1.9782 -4.40 -3.25 -4.46 -9.39 -3.45 -12.50
1.9863 -7.61 -3.58 -4.85 -11.17 -3.33 -12.35
1.9943 -1.17 -3.90 -5.08 -12.35 -3.16 -12.18
2.0024 -1.03 -4.16 -5.26 -16.73 -3.09 -12.21
2.0104 -0.45 -4.35 -5.35 -13.54 -2.96 -12.10
2.0184 2.00 -4.47 -5.33 -20.74 -2.91 -12.23
2.0265 0.31 -4.53 -5.26 -20.56 -2.90 -12.38
2.0345 3.97 -4.52 -5.08 -19.26 -2.85 -12.48
2.0425 -1.30 -4.47 -4.95 -17.48 -2.82 -12.54
2.0505 -3.08 -4.41 -4.86 -18.55 -2.82 -12.67
2.0586 -3.32 -4.33 -4.74 -14.43 -2.81 -12.69
2.0666 -5.80 -4.18 -4.62 -23.55 -2.82 -12.92
2.0746 -5.97 -4.03 -4.50 -26.41 -2.84 -13.21
2.0827 -0.03 -3.86 -4.24 -21.78 -2.93 -13.46
2.0907 -1.85 -3.66 -4.00 -29.03 -2.98 -13.83
2.0988 -0.85 -3.44 -3.72 -19.26 -3.11 -14.06
2.1068 -12.06 -3.13 -3.58 -9.56 -3.21 -14.07
2.1148 0.78 -2.82 -3.19 -16.82 -3.35 -14.27
2.1230 -10.96 -2.52 -3.05 -20.80 -3.53 -14.57
2.1310 -9.48 -2.22 -2.89 -8.14 -3.59 -14.50
2.1390 2.62 -1.98 -2.54 -19.61 -3.65 -14.67
2.1470 -2.37 -1.71 -2.27 -15.89 -3.81 -14.84
2.1551 -9.32 -1.46 -2.17 -12.98 -3.95 -14.95
2.1631 -5.98 -1.28 -2.07 -9.42 -4.14 -15.02
2.1711 -4.64 -1.13 -1.97 -16.26 -4.26 -15.16
2.1791 -8.46 -0.97 -1.95 -2.98 -4.32 -14.98
2.1872 -7.02 -0.90 -1.98 -16.54 -4.55 -15.23
2.1952 4.25 -0.88 -1.84 -1.30 -4.63 -15.03
2.2032 4.44 -0.93 -1.76 -12.07 -4.82 -15.16
2.2113 12.06 -1.01 -1.56 -15.10 -4.97 -15.30
2.2193 4.39 -1.15 -1.58 -9.84 -5.09 -15.31
2.2274 2.05 -1.25 -1.61 -10.54 -4.92 -15.05
2.2354 4.79 -1.41 -1.63 -0.96 -4.98 -14.83
2.2434 5.94 -1.58 -1.65 -7.12 -4.90 -14.60
2.2514 1.39 -1.81 -1.81 0.21 -4.91 -14.31
2.2595 -0.18 -2.04 -2.01 -10.89 -4.85 -14.18
2.2675 2.79 -2.32 -2.18 -9.52 -4.78 -14.02
2.2755 3.08 -2.62 -2.37 -9.94 -4.75 -13.91
2.2835 -1.24 -2.93 -2.65 -6.94 -4.68 -13.70
2.2916 -2.71 -3.25 -2.96 -8.13 -4.63 -13.54
2.2996 -2.45 -3.57 -3.27 -11.22 -4.54 -13.40
